Table 3 
Luminosity and Structural Parameters


(1)	(2)		(3)		(4)		(5)		(6)		(7)		(8)		(9)	(10)	(11)	
Galaxy	V		r_h		mu_V		theta		epsilon		M_V		r_h		mu_eff	References^a	Comments	
			(')		(M/squ")		(deg)						(pc)		(M/squ")			
The Galaxy																		
Canis Major	-0.1	0.8	 ... 	 ... 	24.0^b	0.6	123:^c		0.8:		-14.4^d	0.8	 ... 	 ... 	 ... 	(1) (2)		
Sagittarius dSph	3.6	0.3	342.00	12.00	25.2	0.3	102	2	0.64	0.02	-13.5	0.3	2587	219	26.0	(3) (4)		
Segue	15.3	0.8	4.40	^+1.2_-0.6	27.6	1.0	85	8	0.48	0.13	-1.5	0.8	29	^+8_-5	28.7	(5)		
Ursa Major II	13.3	0.5	16.00	1.00	27.9	0.6	98	4	0.63	0.05	-4.2	0.6	149	21	29.1	(5)		
Bootes II	15.4	0.9	4.20	1.40	28.1	1.6	145	55	0.21	0.21	-2.7	0.9	51	17	29.1	(5)		
Segue II	15.2	0.3	3.40	0.20	27.4	0.4	182	17	0.15	0.10	-2.5	0.3	35	3	28.6	(6)		
Willman 1	15.2	0.7	2.30	0.40	26.1	0.9	77	5	0.47	0.08	-2.7	0.8	25	6	27.2	(5)		
Coma Berenices	14.1	0.5	6.00	0.60	27.3	0.7	115	10	0.38	0.14	-4.1	0.5	77	10	28.4	(5)		
Bootes III	12.6	0.5	 ... 	 ... 	31.3^e	0.3	90:		0.50:		-5.8^d	0.5	 ... 	 ... 	 ... 	(7)		
LMC	0.4	0.1									-18.1	0.1				(8)		
SMC	2.2	0.2									-16.8	0.2				(8)		
Bootes	12.8	0.2	12.60	1.00	27.5	0.3	14	6	0.39	0.06	-6.3	0.2	242	21	28.7	(5)		
Draco	10.6	0.2	10.00	0.30	25.0	0.2	89	2	0.31	0.02	-8.8	0.3	221	19	26.1	(5)		
Ursa Minor	10.6	0.5	8.20	1.20	26.0	0.5	53	5	0.56	0.05	-8.8	0.5	181	27	25.2	(9)		
Sculptor	8.6	0.5	11.30	1.60	23.5	0.5	99	1	0.32	0.03	-11.1	0.5	283	45	24.3	(9)		
Sextans	10.4	0.5	27.80	1.20	27.1	0.5	56	5	0.35	0.05	-9.3	0.5	695	44	28.0	(9)		
Ursa Major	14.4	0.3	11.30	1.70	27.7	0.5	71	3	0.80	0.04	-5.5	0.3	319	50	28.8	(5)		
Carina	11.0	0.5	8.20	1.20	25.5	0.5	65	5	0.33	0.05	-9.1	0.5	250	39	26.0	(9)		
Hercules	14.0	0.3	8.60	^+1.8_-1.1	27.2	0.6	102	4	0.68	0.08	-6.6	0.4	330	^+75_-52	28.3	(5)		
Fornax	7.4	0.3	16.60	1.20	23.3	0.3	41	1	0.30	0.01	-13.4	0.3	710	77	24.0	(9)		
Leo IV	15.1	0.4	4.60	0.80	27.5	0.7	121	9	0.49	0.11	-5.8	0.4	206	37	28.6	(10)		
Canes Venatici II	16.1	0.5	1.60	0.30	26.1	0.7	177	9	0.52	0.11	-4.9	0.5	74	14	27.2	(5)		
Leo V	16.0	0.4	2.60	0.60	27.1	0.8	96	13	0.50	0.15	-5.2	0.4	135	32	28.2	(10)		
Pisces II	16.3	0.5	1.10	0.10	25.7	0.6	77	12	0.40	0.10	-5.0:		58	99	26.8	(11)		
Canes Venatici	13.1	0.2	8.90	0.40	27.1	0.2	70	4	0.39	0.03	-8.6	0.2	564	36	28.2	(5)		
Leo II	12.0	0.3	2.60	0.60	24.2	0.3	12	10	0.13	0.05	-9.8	0.3	176	42	24.8	(9)		
Leo I	10.0	0.3	3.40	0.30	22.6	0.3	79	3	0.21	0.03	-12.0	0.3	251	27	23.3	(9)		
Andromeda																		
M32	8.1	0.1	0.47	0.05	11.1:^f		159	2	0.25	0.02	-16.4	0.2	110	16	17.0	(8) (12)		
Andromeda IX	16.3	1.1	2.50	0.10	28.0	1.2	 ... 	 ... 	 ... 	 ... 	-8.1	1.1	557	29	29.2	(13) (14)		
NGC 205	8.1	0.1	2.46	0.10	15.4:^g		28	5	0.43	0.10	-16.5	0.1	590	31	20.3	(8) (12)		
Andromeda XVII	15.8	0.4	1.24	0.08	25.7	0.5	122	7	0.27	0.06	-8.7	0.4	286	23	26.8	(15)		
Andromeda I	12.7	0.1	3.10	0.30	24.7	0.2	22	15	0.22	0.04	-11.7	0.1	672	69	25.8	(16)		
Andromeda XXVII^h	16.7	0.5	1.80	0.30	27.6	0.5	150	10	0.40	0.20	-7.9	0.5	434	76	28.3	(17)		
Andromeda III	14.4	0.3	2.20	0.20	24.8	0.2	136	3	0.52	0.02	-10.0	0.3	479	46	26.2	(16)		
Andromeda XXV	14.8	0.5	3.00	0.20	27.1	0.5	170	10	0.25	0.05	-9.7	0.5	709	61	27.8	(17)		
Andromeda XXVI	17.3	0.5	1.00	0.10	27.4	0.5	145	10	0.25	0.05	-7.1	0.5	222	25	27.9	(17)		
Andromeda XI	17.5	1.2	0.71	0.03	26.5	1.3	 ... 	 ... 	 ... 	 ... 	-6.9	1.3	157	^+16_-37	27.6	(13) (14)		
Andromeda V	15.3	0.2	1.40	0.20	25.3	0.2	32	10	0.18	0.05	-9.1	0.2	315	46	26.7	(16)		
Andromeda X	16.6	1.0	1.30	0.10	26.3	1.1	46	5	0.44	0.06	-7.6	1.0	265	33	27.4	(15)		
Andromeda XXIII	14.2	0.5	4.60	0.20	28.0	0.5	138	5	0.40	0.05	-10.2	0.5	1029	76	27.8	(17)		
Andromeda XX	18.2	0.8	0.53	^+0.14_-0.04	26.2	0.8	80	20	0.30	0.15	-6.3	^+1.1_-0.8	124	^+53_-17	27.3	(18)		
Andromeda XII	18.3	1.2	1.20	0.20	28.5	1.3	 ... 	 ... 	 ... 	 ... 	-6.4	1.2	304	66	29.6	(13) (14)		
NGC 147	9.5	0.1	3.17:		21.2:		25	3	0.41	0.02	-14.6	0.1	623:		22.3	(8)	r_25 = 6.6 +or- 0.3 arcmins	
Andromeda XXI	14.8	0.6	3.50	0.30	27.0	0.4	110	15	0.20	0.07	-9.9	0.6	875	91	28.2	(19)		
Andromeda XIV	15.9	0.5	1.70	0.80	27.2	0.6	 ... 	 ... 	0.31	0.09	-8.4	0.6	363	180	27.5	(20)		
Andromeda XV	14.6	0.3	1.21	0.05	24.8	0.4	0:		0.00:		-9.4	0.4	222	22	25.9	(21)		
Andromeda XIII	18.1	1.2	0.78	0.08	27.3	1.3	 ... 	 ... 	 ... 	 ... 	-6.7	1.3	207	^+23_-44	28.4	(13) (14)		
Andromeda II	11.7	0.2	6.20	0.20	24.5	0.2	34	6	0.20	0.08	-12.4	0.2	1176	50	26.3	(16)		
NGC 185	9.2	0.1	2.55:		20.8:		35	3	0.15	0.01	-14.8	0.1	458:		21.9	(8)	r_25 = 5.8 +or- 0.3 arcmins	
Andromeda XXIX	16.0	0.3	1.70	0.20	27.6	0.4	51	8	0.35	0.06	-8.3	0.4	361	56	27.6	(22)		
Andromeda XIX	15.6	0.6	6.20	0.10	29.3	0.7	37	8	0.17	0.02	-9.2	0.6	1683	105	30.2	(18)		
Triangulum	5.7	0.1					23		0.41		-18.8	0.1				(8)		
Andromeda XXIV	16.3	0.5	2.10	0.10	27.8	0.5	5	10	0.25	0.05	-7.6	0.5	367	27	28.5	(17)		
Andromeda VII	11.8	0.3	3.50	0.10	23.2	0.2	94	8	0.13	0.04	-12.6	0.3	776	42	25.3	(16)		
Andromeda XXII	18.0	0.8	0.94	0.10	26.7	0.6	114	15	0.56	0.11	-6.5	9.9	217	99	27.9	(19)		
IC 10	9.5	0.2	2.65:		24.6	0.2	 ... 	 ... 	0.19	0.02	-15.0	0.2	612:		22.3	(8) (23)	r_25 = 3.2 +or- 0.1 arcmins	
LGS 3	14.3	0.1	2.10	0.20	24.8	0.1	0:		0.20:		-10.1	0.1	470	47	26.6	(24)		
Andromeda VI	13.2	0.2	2.30	0.20	24.1	0.2	163	3	0.41	0.03	-11.3	0.2	524	49	25.3	(16)		
Andromeda XVI	14.4	0.3	0.89	0.05	23.9	0.4	0:		0.00:		-9.2	0.4	136	15	25.0	(21)		
Andromeda XXVIII	15.6	^+0.4_-0.9	1.11	0.21	26.3	^+0.4_-0.9	39	16	0.34	0.13	-8.5	^+0.4_-1.0	213	^+64_-45	26.3	(25)		
IC 1613	9.2	0.1	6.81:		22.8:		50	2	0.11	0.03	-15.2	0.2	1496:		24.1	(8)	r_25 = 8.1 +or- 0.2 arcmins	
Phoenix	13.2	0.4	3.76:		25.8:		5^i	1	0.40^j	0.10	-9.9	0.4	454:		26.4	(26) (27)	r_t = 15.8^+4.3_-2.8 arcmins; assumed c = 0.7	
NGC 6822	8.1	0.2	2.65:		19.7:		330	10	0.24	0.05	-15.2	0.2	354:		20.8	(8) (28)	r_25 = 7.7 +or- 0.2 arcmins	
Cetus	13.2	0.2	3.20	0.10	25.0	0.2	63	3	0.33	0.06	-11.2	0.2	703	31	26.2	(16)		
Pegasus dIrr	12.6	0.2	2.10:		22.8:		120	2	0.46	0.02	-12.2	0.2	562:		24.4	(8)		
Leo T	15.1^k	0.5	0.99	0.06	24.8	0.6	0:		0.00:		-8.0	0.5	120	9	26.0	(29)		
WLM	10.6	0.1	7.78:		23.7:		4	2	0.65	0.01	-14.2	0.1	2111:		24.8	(8)		
Leo A	12.4	0.2	2.15:		22.8:		114	5	0.40	0.03	-12.1	0.2	499:		24.4	(8) (30)	r_25 = 2.6 +or- 0.1 arcmins	
Andromeda XVIII	16.0	9.9	0.92	0.06	25.6:		 ... 	 ... 	 ... 	 ... 	-9.7:		363	32	26.7	(18)	Lower limits on V and mu_V	
Aquarius	14.5	0.1	1.47	0.04	23.6	0.2	99	1	0.50	0.10	-10.6	0.1	458	21	25.5	(31)		
Tucana	15.2	0.2	1.10	0.20	25.0	0.1	97	2	0.48	0.03	-9.5	0.2	284	54	25.6	(32)		
Sagittarius dIrr	13.6	0.2	0.91	0.05	23.9	0.2	90:		0.50:		-11.5	0.3	282	28	23.5	(33)	r_h from integral under central King profile	
UGC 4879	13.2	0.2	0.41	0.04	21.2	0.2	84	11	0.44	0.04	-12.5	0.2	162	16	21.5	(34)		
NGC 3109	10.7	0.1	4.30	0.10	22.6	0.1	92	1	0.82	0.01	-14.9	0.1	1626	71	22.9	(35)		
Sextans B	11.3	0.2	1.06	0.10	21.9	0.3	110	2	0.31	0.03	-14.5	0.2	440	42	21.9	(8) (36)		
Antlia	15.2	0.2	1.20	0.12	23.9	0.2	135	5	0.40	0.04	-10.4	0.2	471	52	25.9	(37) (36)		
Sextans A	11.5	0.1	2.47:		22.8:		0	1	0.17	0.02	-14.3	0.1	1029:		24.1	(8) (38)	r_25 = 2.9 +or- 0.1 arcmins	
HIZSS 3(A)	 ... 	 ... 	 ... 	 ... 	 ... 	 ... 	 ... 	 ... 	 ... 	 ... 	 ... 	 ... 	 ... 	 ... 	 ... 			
HIZSS 3B	 ... 	 ... 	 ... 	 ... 	 ... 	 ... 	 ... 	 ... 	 ... 	 ... 	 ... 	 ... 	 ... 	 ... 	 ... 			
KKR 25	15.9	0.2	0.40:		24.0	0.2	 ... 	 ... 	0.41	0.02	-10.5	0.2	222:		24.2	(39)	r_26.5 = 0.55 arcmins	
ESO 410- G 005	14.9	0.3	0.50	0.05	22.2	0.2	57:		0.37:		-11.5	0.3	280:		23.8	(40) (36)		
NGC 55	7.9	0.1	5.16:		19.3:		108	2	0.83	0.01	-18.5	0.2	2900:		20.4	(8)	r_25 = 16.2 +or- 0.4 arcmins	
ESO 294- G 010	15.3	0.3	0.42	0.04	22.3	0.2	8:		0.51:		-11.2	0.3	248	24	23.5	(40) (36)		
NGC 300	8.1	0.1	5.00:		21.0:		111	2	0.29	0.01	-18.5	0.1	3025:		22.1	(8)	r_25 = 10.1 +or- 0.3 arcmins	
IC 5152	10.9:^l		0.97:		20.1:		100	2	0.38	0.02	-15.6:		550:		21.2	(8)	r_25 = 2.6 +or- 0.1 arcmins	
KKH 98	15.2	0.3	0.64	0.06	22.8	0.2	-5	1	0.41	0.01	-11.8	0.3	470	48	24.5	(36) (38)		
UKS 2323-326	13.5	0.2	0.90	0.10	22.9	0.2	-60	4	0.10	0.01	-13.2	0.2	578	69	24.0	(41) (38)		
KKR 3	17.2	0.3	0.36	0.04	23.8	0.2	0	1	0.05	0.01	-9.5	0.3	229	28	25.8	(36) (38)		
GR 8	14.5	0.2	0.32	0.04	22.6	0.2	61	2	0.20	0.05	-12.2	0.2	203	28	22.7	(42) (43)		
UGC 9128	14.4	0.3	0.64	0.07	22.6	0.2	46	2	0.40	0.05	-12.4	0.3	427	47	23.8	(43) (36)		
UGC 8508	13.7	0.1	0.42	0.04	21.5	0.2	-60	2	0.45	0.05	-13.4	0.1	315	30	22.1	(43) (36)		
IC 3104	12.8:^l		2.01:		23.3:		45	2	0.52	0.02	-14.0:		1327:		24.4	(8)	r_25 = 1.9 +or- 0.1 arcmins	
DDO 125	12.7	0.3	1.04	0.10	22.1	0.2	-68	4	0.41	0.01	-14.4	0.3	781	77	23.1	(36) (38)		
UGCA 86	14.2:^l		0.94:		22.8:		25	1	0.32	0.03	-13.2:		811:		24.5	(44) (38)	r_25 = 2.3 +or- 0.2 arcmins	
DDO 99	13.9	0.1	0.90	0.09	22.9	0.2	70	4	0.29	0.01	-13.2	0.2	679	81	24.2	(42) (38)		
IC 4662	11.1	0.3	0.48	0.05	18.7	0.2	-69	4	0.27	0.01	-15.8	0.3	341	44	20.1	(36) (38)		
DDO 190	12.8	0.1	0.64	0.06	21.4	0.2	82	5	0.10	0.02	-14.4	0.1	520	49	22.6	(45) (36)		
KKH 86	17.1	0.3	0.28	0.03	23.2	0.2	-3	1	0.39	0.01	-10.0	0.3	210	27	24.7	(36) (38)		
NGC 4163	13.2	0.3	0.45	0.05	21.1	0.2	11	2	0.30	0.05	-14.1	0.3	374	42	22.0	(43) (36)		
DDO 113	16.4	0.3	0.70	0.07	24.0	0.2	0:		0.00	0.09	-11.0	0.3	601	62	26.5	(8) (36)		
a References: (1) Bellazzini et al. 2006; (2) Butler et al. 2007; (3) Mateo et al. 1998; (4) Majewski et al. 2003; (5) Martin et al. 2008b; (6) Belokurov et al. 2009; (7) Correnti et al. 2009; (8) de Vaucouleurs et al. 1991; (9) Irwin & Hatzidimitriou 1995; (10) de Jong et al. 2010; (11) Belokurov et al. 2010; (12) Choi et al. 2002; (13) Collins et al. 2010; (14) Collins 2011; (15) Brasseur et al. 2011b; (16) McConnachie & Irwin 2006; (17) Richardson et al. 2011; (18) McConnachie et al. 2008; (19) Martin et al. 2009; (20) Majewski et al. 2007; (21) Ibata et al. 2007; (22) Bell et al. 2011; (23) Sanna et al. 2010; (24) Lee 1995; (25) Slater et al. 2011; (26) van de Rydt et al. 1991; (27) Martinez-Delgado et al. 1999; (28) Dale et al. 2007; (29) de Jong et al. 2008; (30) Vansevicius et al. 2004; (31) McConnachie et al. 2006; (32) Saviane et al. 1996; (33) Lee & Kim 2000; (34) Bellazzini et al. 2011; (35) Hidalgo et al. 2008; (36) Sharina et al. 2008; (37) Aparicio et al. 1997; (38) Fingerhut et al. 2010; (39) Karachentsev et al. 2001b; (40) Loveday 1996; (41) Lee & Byun 1999; (42) Makarova 1999; (43) Vaduvescu et al. 2005; (44) Karachentsev et al. 1997; (45) Aparicio & Tikhonov 2000.
b Measured within central 2 x 2 deg.
c Broadly aligned with the Galactic Plane.
d Distance-independent absolute magnitude estimate.
e Measured within projected radius of 0.8 deg.
f B magnitude, corresponding to "standard fit" in Table 1 of Choi et al. (2002).
g B magnitude; see Table 1 of Geha et al. (2006b).
h Measurement of structural parameters complicated by presence of surrounding stream.
i Corresponds to "outer component"; theta_inner = 95deg.
j Corresponds to "outer component"; epsilon_inner = 0.4.
k Converted from g, r.
l B magnitude.
